11023456987
11023458769
11023465879
11023468579
11023486597
11023498657
11023547869
11023564879
11023568497
11023569847
11023578469
11023586479
11023584769
11023645987
11023648957
11023675849
11023684759
11023684579
11023684957
11023756489
11023765849
11023764859
11023784659
11023854769
11023859467
11023864759
11023864597
11023845769
11023849657
11023896547
11023894657
11023968547
11023964587
11023946587
11023945687
11024357689
11024359867
11024365987
11024367589
11024368759
11024369857
11024387659
11024395867
11024538769
11024538697
11024567893
11024576389
11024586973
11024583967
11024589637
11024589673
11024653789
11024653987
11024658397
11024659873
11024635789
11024678593
11024679583
11024683597
11024685739
11024685379
11024685937
11024698357
11024695783
11024768539
11024768593
11024783569
11024785693
11024785963
11024795863
11024856793
11024856397
11024856937
11024859367
11024859673
11024863957
11024869753
11024876593
11024875639
11024836759
11024836579
11024835697
11024896573
11024956783
11024958673
11024965387
11024968753
11024968573
11024963857
11024975683
11024986573
11024987563
11024985637
11025436879
11025437869
11025438967
11025439687
11025463789
11025463987
11025467983
11025469387
11025473689
11025478963
11025489637
11025346879
11025348967
11025364789
11025376849
11025374869
11025394687
11025638947
11025643789
11025643897
11025648793
11025648397
11025648937
11025674389
11025674839
11025673849
11025678493
11025678943
11025684793
11025684937
11025687493
11025683947
11025689743
11025689347
11025698743
11025738649
11025764839
11025748639
11025748693
11025786493
11025783469
11025794683
11025836749
11025839467
11025839647
11025867493
11025864397
11025864973
11025876493
11025879643
11025847639
11025849673
11025896347
11025936487
11025938647
11025934867
11025967483
11025968743
11025964783
11025964837
11025978463
11025986743
11025986437
11025984367
11025984637
11025946783
11025946873
11025943867
11026458379
11026458397
11026458973
11026435879
11026437589
11026437859
11026478539
11026487359
11026485739
11026485793
11026489753
11026493587
11026495387
11026543897
11026548739
11026549837
11026538749
11026538947
11026578943
11026594837
11026354789
11026354879
11026354897
11026358947
11026345789
11026348579
11026385749
11026385479
11026394857
11026398457
11026398547
11026395847
11026758349
11026745839
11026785439
11026794853
11026798543
11026834597
11026875943
11026874359
11026874953
11026847593
11026849357
11026893547
11026894357
11026895743
11026975483
11026985743
11026984753
11026984357
11026943857
11026947853
11026945873
11027458369
11027458639
11027465389
11027463859
11027468359
11027486593
11027489563
11027489653
11027496853
11027495683
11027543689
11027564839
11027564893
11027563849
11027568439
11027568943
11027584369
11027584693
11027584963
11027596483
11027658493
11027635849
11027638549
11027684953
11027698453
11027384659
11027856493
11027853649
11027853469
11027854639
11027854963
11027865493
11027864359
11027836549
11027834659
11027849563
11027956483
11027954683
11027965483
11027948563
11028456793
11028456379
11028457639
11028453679
11028453967
11028459763
11028465793
11028465397
11028467539
11028475963
11028436759
11028436579
11028437569
11028435697
11028435967
11028439567
11028496537
11028543697
11028564739
11028567493
11028563479
11028563947
11028569347
11028574639
11028573649
11028537469
11028539647
11028593647
11028654379
11028654397
11028657439
11028657943
11028653749
11028659743
11028659437
11028647593
11028647953
11028675439
11028675943
11028673549
11028634579
11028634597
11028635479
11028694753
11028693457
11028693547
11028695473
11028756439
11028754963
11028753469
11028764953
11028746359
11028745639
11028745963
11028357649
11028375469
11028374659
11028346957
11028395467
11028954763
11028964753
11028964357
11028935647
11028943567
11029456387
11029453867
11029478653
11029485763
11029485637
11029483657
11029438657
11029435687
11029546387
11029548763
11029564783
11029576483
11029576843
11029574683
11029584637
11029536487
11029654873
11029654837
11029648537
11029643857
11029643587
11029684573
11029634857
11029638457
11029754863
11029758643
11029764583
11029857463
11029854763
11029853467
11029867543
11029864357
11029875463
11029834657
11029386457
11029384567
11032465879
11032468957
11032498567
11032495867
11032548697
11032564897
11032568749
11032568479
11032574689
11032578649
11032584769
11032596847
11032684759
11032685479
11032758469
11032768459
11032746859
11032786459
11032785469
11032854967
11032875649
11032846597
11032847569
11032845679
11032965487
11032964587
11032948657
11034256879
11034268579
11034275689
11034278569
11034286597
11034287569
11034296587
11034295687
11034528679
11034528697
11034529687
11034562879
11034567289
11034568729
11034572869
11034578629
11034652897
11034657289
11034658729
11034659827
11034625879
11034682579
11034682957
11034685729
11034685297
11034685927
11034765829
11034762589
11034785269
11034856279
11034852967
11034826597
11034892657
11034958267
11034986257
11034985627
11034985267
11034925687
11035428769
11035462897
11035487269
11035496287
11035492687
11035247869
11035248967
11035268479
11035276849
11035284697
11035296487
11035298647
11035298467
11035624879
11035627849
11035628479
11035629487
11035647829
11035648279
11035648297
11035674289
11035684279
11035682479
11035694287
11035762489
11035742689
11035824769
11035829647
11035862947
11035876249
11035872649
11035872469
11035894627
11035892467
11035926487
11035964827
11035982647
11035946827
11036429587
11036472859
11036487529
11036485297
11036485927
11036498257
11036548279
11036524897
11036528947
11036572489
11036578249
11036582749
11036584729
11036584927
11036598427
11036245897
11036248579
11036249857
11036278549
11036287459
11036289547
11036289457
11036294587
11036298457
11036748259
11036784529
11036852947
11036825749
11036824759
11036829547
11036872459
11036875429
11036892457
11036925847
11036982547
11036982457
11036984527
11036945827
11037458269
11037462589
11037426859
11037546829
11037542869
11037562489
11037568249
11037524689
11037586429
11037654289
11037652489
11037624589
11037684529
11037258649
11037265489
11037246589
11037245689
11037248659
11037286549
11037284659
11037856429
11037864529
11037824659
11037842659
11038456927
11038452967
11038462597
11038462957
11038475269
11038546279
11038542769
11038542679
11038542967
11038567249
11038562749
11038562947
11038569247
11038574269
11038572469
11038654729
11038657429
11038652749
11038642597
11038674529
11038624957
11038752469
11038752649
11038765249
11038764259
11038746529
11038726549
11038724659
11038724569
11038256497
11038265947
11038269547
11038245697
11038249567
11038962457
11038924657
11038946257
11038945627
11039426857
11039564827
11039568247
11039562487
11039654827
11039685427
11039685247
11039682457
11039624857
11039628547
11039852647
11039864257
11039845627
11039284567
11039284657
11039246857
11043256879
11043265897
11043276859
11043286957
11043289657
11043527689
11043529687
11043562879
11043562897
11043568279
11043568297
11043568927
11043572689
11043578269
11043578629
11043586297
11043587629
11043657829
11043659827
11043629587
11043682957
11043698527
11043752689
11043758629
11043765829
11043728659
11043785629
11043859627
11043867529
11043862759
11043862957
11043875629
11043826957
11043827569
11043825679
11043829567
11043895627
11043958267
11043952867
11043965827
11043968527
11043926857
11043926587
11042358697
11042368957
11042376589
11042375689
11042386759
11042398657
11042395867
11042536789
11042538679
11042539687
11042568793
11042576893
11042573869
11042578693
11042579683
11042586739
11042586937
11042583967
11042596837
11042658793
11042658379
11042659783
11042635789
11042638759
11042675389
11042675893
11042683759
11042689573
11042697583
11042698753
11042698357
11042695837
11042695387
11042765983
11042768953
11042738659
11042783659
11042795683
11042856397
11042856973
11042853967
11042865739
11042865937
11042867593
11042869573
11042876539
11042875369
11042873659
11042839657
11042896357
11042956783
11042957683
11042958763
11042958637
11042965387
11042975863
11042985673
11042985637
11042936587
11042938657
11045236987
11045237869
11045238679
11045238697
11045263897
11045268739
11045279683
11045289763
11045296837
11045328967
11045362789
11045362897
11045369827
11045376829
11045386279
11045396827
11045398267
11045632789
11045632879
11045638927
11045639287
11045623789
11045627389
11045672893
11045672983
11045683729
11045683279
11045732869
11045738269
11045738629
11045762839
11045768329
11045726389
11045786923
11045836729
11045836927
11045839627
11045867293
11045862379
11045876329
11045876239
11045876923
11045879263
11045826793
11045827693
11045829673
11045896723
11045896327
11045938627
11045932867
11045972863
11045987263
11045928763
11046257983
11046237859
11046275893
11046278359
11046279583
11046283957
11046287953
11046285973
11046289753
11046289537
11046295387
11046523987
11046528937
11046529387
11046532879
11046537289
11046538297
11046572389
11046578923
11046579823
11046583279
11046583297
11046587239
11046582793
11046589327
11046593827
11046592873
11046352789
11046358927
11046372859
11046375289
11046375829
11046382957
11046387529
11046385297
11046398257
11046753829
11046735289
11046735829
11046732589
11046738259
11046723859
11046725839
11046725983
11046783259
11046857293
11046857923
11046852937
11046835729
11046835279
11046875239
11046872953
11046827359
11046825793
11046825973
11046829537
11046892537
11046952783
11046952837
11046952387
11046935827
11046975283
11046987253
11046982753
11046982357
11046928573
11046925837
11047258693
11047259863
11047289563
11047295863
11047526983
11047523869
11047528963
11047562389
11047568923
11047569823
11047536289
11047532869
11047538269
11047586239
11047586923
11047582639
11047596823
11047652839
11047652983
11047653289
11047625839
11047628539
11047682539
11047685239
11047689253
11047692853
11047328659
11047386529
11047382659
11047385269
11047856329
11047856923
11047853629
11047852639
11047852693
11047863529
11047862593
11047869253
11047835629
11047826953
11047825963
11047956823
11047952683
11048256937
11048257639
11048265793
11048265937
11048265973
11048263957
11048276539
11048276593
11048273659
11048235769
11048295763
11048295637
11048527639
11048523697
11048529367
11048562397
11048562937
11048567239
11048567923
11048576923
11048572369
11048573629
11048536729
11048532697
11048532967
11048593627
11048592673
11048657239
11048657329
11048653279
11048625739
11048627593
11048623759
11048675329
11048673529
11048632579
11048635729
11048639527
11048692537
11048695237
11048756293
11048765293
11048769253
11048726539
11048726593
11048729563
11048796523
11048795623
11048356279
11048357629
11048359627
11048367259
11048369257
11048326579
11048326957
11048325697
11048396257
11048395627
11048965327
11048965273
11048962537
11048935627
11048935267
11048926573
11049256783
11049256873
11049253687
11049265783
11049286753
11049285367
11049238657
11049527683
11049528367
11049568723
11049563827
11049576823
11049578263
11049578623
11049583267
11049658327
11049653287
11049627583
11049628573
11049628357
11049675823
11049682753
11049682537
11049685237
11049683527
11049638527
11049635287
11049762583
11049728653
11049782563
11049856273
11049856327
11049857263
11049853627
11049865237
11049867523
11049825673
11049823567
11049386527
11053426987
11053427689
11053429867
11053429687
11053462879
11053468729
11053469827
11053476289
11053487629
11053482679
11053482697
11053482967
11053496287
11053498627
11053246987
11053247869
11053248769
11053264879
11053264897
11053264987
11053278469
11053286947
11053284679
11053289647
11053296847
11053298647
11053628479
11053648279
11053648927
11053649287
11053672849
11053678249
11053684297
11053684927
11053682947
11053689247
11053762849
11053768249
11053746829
11053826947
11053827469
11053824697
11053862497
11053872469
11053847269
11053894627
11053892467
11053948627
11053942687
11054326897
11054328679
11054368729
11054368279
11054386279
11054382769
11054382679
11054389267
11054389627
11054236987
11054237869
11054238697
11054263789
11054268397
11054269783
11054278369
11054278639
11054286379
11054287639
11054283679
11054283697
11054283967
11054289637
11054296873
11054296837
11054632879
11054637289
11054672389
11054672983
11054678923
11054726983
11054728693
11054769823
11054786329
11054786923
11054796283
11054826397
11054827963
11054823679
11054829367
11054867293
11054863297
11054869723
11054873629
11054836297
11054832967
11054896327
11054892763
11054892367
11054926873
11054968273
11054987263
11054983267
11054938627
11052436897
11052438679
11052438697
11052463897
11052467893
11052478693
11052486397
11052486937
11052483769
11052496837
11052497683
11052493867
11052493687
11052347689
11052364789
11052364879
11052364987
11052367489
11052368947
11052369487
11052376849
11052386479
11052387649
11052384769
11052384697
11052394687
11052634987
11052638749
11052643897
11052648793
11052674839
11052678493
11052678943
11052679843
11052684739
11052683749
11052698473
11052738469
11052763489
11052746389
11052746839
11052746983
11052786439
11052836947
11052834769
11052867349
11052869743
11052896473
11052897643
11052934687
11052967483
11052968347
11052974683
11052946783
11052946873
11052948637
11052948367
11056427839
11056428973
11056429387
11056432789
11056437829
11056438927
11056439827
11056473289
11056472893
11056483927
11056482397
11056492387
11056243987
11056248397
11056234789
11056234897
11056283947
11056284937
11056293847
11056293487
11056297843
11056294387
11056324897
11056324987
11056328497
11056329847
11056342897
11056348279
11056384279
11056394287
11056398247
11056724389
11056724983
11056729843
11056738249
11056743289
11056748293
11056784239
11056782943
11056824379
11056829743
11056832947
11056834279
11056834297
11056839247
11056873249
11056874293
11056843927
11056847239
11056842397
11056849327
11056892347
11056928347
11056978423
11056974283
11056983247
11056943827
11057426389
11057428639
11057429683
11057462389
11057468923
11057483629
11057492863
11057243689
11057248693
11057264839
11057264893
11057264983
11057263849
11057238469
11057286439
11057284369
11057284963
11057296843
11057628943
11057629483
11057684329
11057698423
11057342689
11057382649
11057826943
11057823649
11057824693
11057862493
11057864329
11057869243
11057892463
11057962843
11057962483
11057984263
11058427693
11058423769
11058423679
11058423697
11058429763
11058469273
11058476239
11058476329
11058479623
11058496327
11058493627
11058246739
11058246937
11058246973
11058243697
11058264793
11058264937
11058269437
11058274639
11058274963
11058279643
11058236947
11058234769
11058234679
11058234697
11058297643
11058293647
11058623479
11058623497
11058642739
11058642379
11058642937
11058647293
11058674239
11058673429
11058634297
11058632749
11058692473
11058723649
11058762349
11058749263
11058792463
11058326749
11058326947
11058324967
11058329647
11058362479
11058364729
11058364297
11058376429
11058346297
11058346927
11058394267
11058392467
11058392647
11058926743
11058924637
11058962347
11058964723
11058964237
11058943267
11059427683
11059428673
11059487623
11059482673
11059436287
11059264873
11059264837
11059264387
11059268743
11059268347
11059276483
11059274683
11059286473
11059283647
11059238467
11059628473
11059628347
11059623847
11059642837
11059678243
11059684723
11059687423
11059683247
11059634827
11059632487
11059764823
11059824673
11059823647
11059862743
11059862347
11059847263
11059326847
11059324867
11059362487
11059346827
11063425897
11063478259
11063482597
11063495827
11063547289
11063548729
11063524897
11063529487
11063572489
11063578429
11063578249
11063584297
11063589247
11063592847
11063594287
11063245789
11063245987
11063248759
11063274589
11063278549
11063284597
11063287549
11063285479
11063294857
11063752849
11063745829
11063785429
11063854729
11063854297
11063825749
11063827549
11063829547
11063842759
11063845279
11063849527
11063925487
11063984527
11063948527
11064357289
11064358729
11064358297
11064359827
11064325897
11064385279
11064389257
11064532879
11064532987
11064538297
11064527893
11064529783
11064529873
11064529387
11064572839
11064579283
11064582937
11064587923
11064583927
11064589273
11064592837
11064597823
11064258739
11064258397
11064235879
11064237859
11064238579
11064238957
11064273589
11064273859
11064275839
11064283597
11064285937
11064297583
11064298537
11064752983
11064753829
11064758293
11064728593
11064735289
11064738259
11064785293
11064795823
11064852739
11064825397
11064829753
11064875329
11064875923
11064873529
11064835297
11064839257
11064892537
11064893527
11064895327
11064895273
11064957283
11064957823
11064958327
11064928753
11064978523
11064985237
11065432789
11065437289
11065437829
11065438729
11065428793
11065429783
11065472893
11065479283
11065482397
11065482973
11065342879
11065347289
11065328749
11065329487
11065382749
11065387429
11065384927
11065392847
11065238479
11065239847
11065243897
11065248739
11065248973
11065249873
11065273489
11065284793
11065284397
11065284973
11065287439
11065287349
11065297483
11065298473
11065298347
11065293847
11065723489
11065728439
11065728493
11065742983
11065748329
11065748923
11065782439
11065782493
11065782349
11065782943
11065794283
11065798243
11065823749
11065824397
11065829473
11065842397
11065847293
11065847329
11065849237
11065892437
11065892347
11065897243
11065894237
11065893247
11065938427
11065927843
11065974823
11065982437
11065983427
11065984327
11065947283
11062457983
11062458793
11062459783
11062459873
11062438957
11062439587
11062478953
11062483759
11062487539
11062498753
11062498357
11062498537
11062547983
11062549783
11062534897
11062539847
11062578349
11062583479
11062587439
11062584937
11062589437
11062598473
11062357489
11062358497
11062358947
11062359487
11062345897
11062347589
11062374859
11062395847
11062758349
11062745389
11062749583
11062784539
11062785439
11062794583
11062853497
11062834597
11062875349
11062875493
11062843579
11062845379
11062845397
11062845973
11062849753
11062849537
11062897453
11062894753
11062953487
11062935847
11062975843
11062947853
11062948753
11062948357
11062945783
11067453289
11067458329
11067423859
11067429853
11067483529
11067485293
11067489523
11067548293
11067524893
11067528349
11067528943
11067532849
11067582349
11067582439
11067584293
11067584923
11067253849
11067258493
11067259843
11067245983
11067235849
11067289543
11067352489
11067354829
11067853249
11067853429
11067823549
11067829543
11067834529
11067842593
11067843529
11067958243
11067958423
11067925483
11067928453
11067924853
11068452937
11068429573
11068472953
11068475293
11068473259
11068432597
11068495327
11068495237
11068542973
11068543279
11068549273
11068524739
11068524793
11068524937
11068523497
11068529347
11068572349
11068572943
11068593247
11068253947
11068259473
11068245739
11068275943
11068234759
11068234579
11068237459
11068235749
11068294357
11068752349
11068754923
11068753429
11068759243
11068724593
11068723459
11068745329
11068743529
11068749253
11068792453
11068325497
11068372459
11068347259
11068347529
11068394257
11068952437
11068925473
11068924357
11068975243
11068974523
11068974253
11068932547
11068935247
11068947523
11069452873
11069457823
11069458327
11069428537
11069423587
11069483527
11069435827
11069542387
11069524783
11069523847
11069572483
11069574823
11069578243
11069582437
11069254837
11069245783
11069245387
11069247583
11069248537
11069248357
11069278543
11069234857
11069235847
11069752843
11069724583
11069745283
11069827453
11069872453
11069842573
11069834527
11069328547
11069324587
11069385247
11069348527
11069345827
11073458269
11073485629
11073564289
11073562849
11073528469
11073584629
11073654829
11073628549
11073852469
11073824659
11074365829
11074326589
11074326859
11074328659
11074386529
11074536829
11074563289
11074569823
11074526389
11074523869
11074528369
11074528693
11074528963
11074586239
11074586293
11074589623
11074596283
11074598263
11074652389
11074658923
11074683259
11074682953
11074253689
11074258963
11074238569
11074283659
11074283569
11074856239
11074869523
11074826359
11074829653
11074836529
11074835269
11074896523
11074956283
11074965823
11074962853
11074925683
11074986253
11075436829
11075438629
11075463829
11075426839
11075428369
11075429863
11075486293
11075486329
11075482963
11075492683
11075498263
11075348629
11075364829
11075362849
11075386429
11075384269
11075384629
11075643289
11075648239
11075648329
11075648923
11075624839
